   104  15435
    36  79528
    45  26761
    40  35949
    68 135080
    43  19440
    68  17742
    70  13667
    33    653
    28  31003
    63   4457
    36  58731
  8989   4497
   548    552
   553    554
   550    551
   554    550
   554    551
   554    552
   553    553
   550   1688
   552   1684
   552    553
   551   1682
   556    551
   554    558
   546    551
   554   1683
   553   1693
   549    552
   553    550
   555    551
   554   1683
   554    551
   555    552
   553    551
   555    563
   547   1691
   547   1689
   547   1684
   530    582
   546   1682
   554   1682
   532   1714
   546   1683
   554  54395
 10240   5164
   629    633
   635    632
   635   1933
   629    632
   636    633
   634    632
   635    633
   633   1934
   632   1935
   626    640
   627    640
   626    640
   627   1931
   631    631
   636   1931
   631    642
   631    632
   635    632
   635    632
   634   1933
   630    633
   635    632
   635    632
   634    641
   630   1933
   627   1934
   627   1933
   629    636
   630   1930
   631   1931
   631   1932
   629   1927
   634   3988
    80 200552
   244   8284
    62  71754
    33  19671
    73   2263
    48    313
    30  51316
    37   8543
    32    260
    52    131
    47  44311
    35  16589
    65 174111
    68   1232
    70    392
    83  12952
    32   3962
