    30    170
   289   7189
    33  20326
  8988   4495
   549    552
   553    552
   553    550
   555    551
   553    551
   552    550
   554    552
   551   1691
   551   1691
   546    552
   554   1687
   549    551
   553    552
   553    554
   551   1682
   555   1693
   550    551
   553   1691
   524    573
   556   1682
   555   1682
   531    581
   547    551
   553   1691
   550   1691
   546    551
   554   1684
   553    551
   554    552
   553    802
    29    853
   526   1713
   549    551
   554   3586
   150   2084
    78    341
    50    961
   198    422
   165    240
   150  23863
   334    331
    82   4942
    26   4282
   146    241
   311    141
   161   4282
   365    171
   179   6057
 10244   5162
   630    551
   716    641
   625   1128
    64    143
   188    241
    41     81
   668    632
   634    632
   634    633
   634    632
   635   1935
   629    162
    81    598
    37    331
    50    663
   631    633
   635    633
   635    633
   634   1935
   626    270
    81    211
   702   1931
   630    611
   660    631
   635   1934
   627    632
   656    111
   298    151
   285   1061
   625   1932
   630    192
   325    121
   627    411
   856    141
    33   1761
   627    112
   125    341
    88   1259
   631    631
   636    922
   432    132
    85    330
   654    633
   634    633
   634   1932
   628   1931
   630    630
   635  19415
    76    191
    31     70
   414    162
   110   7012
    41  41909
    73    673
