  4966   2194
   156   1873
   254    813
   234    821
   227    835
   212   1878
   251    815
   233    840
   207    815
   234    813
   235   1879
   249    844
   203   1868
   259   1870
   258    818
   228   1877
   251   1874
   255   1872
   255   1876
   252   1873
   255    816
   232    844
   203   1879
   248    812
   236    838
   210    815
   232    817
   230    813
   234    817
   229   1875
   254   1868
   260   1875
   252   1878
   250   1865
   261    815
   233   1872
   255   1869
   260    814
   233    818
   229    821
   225    846
   201    814
   234    814
   234    822
   224    841
   206    813
   236    822
   225    813
   235    842
   263   1867
   259   1875
   253   1878
   249    816
   231    811
   236    845
   202    823
   225  29540
  4978   2187
   258   1878
   251    815
   232    820
   228    844
   203   1877
   251    842
   206    815
   232    813
   234    812
   235   1870
   258    817
   231   1879
   249   1874
   252    818
   228   1877
   252   1869
   259   1876
   251   1875
   253   1864
   263    815
   232    814
   233   1868
   260    811
   236    815
   233    808
   237    816
   233    817
   230    811
   237    815
   233    818
   228    814
   234    812
   236   1865
   264   1866
   260    823
   224    815
   233   1868
   260    836
   210   1877
   251   1877
   251    811
   236    815
   233    837
   210    813
   234    842
   206    821
   227   1868
   259    813
   235   1870
   257    823
   225    843
   205    813
   234   1874
   253    843
   205    812
   236    816
   232    819
   227    814
   234    812
   234    814
   232    815
   232    809
   239    818
   229    812
   236    813
   235    815
   232    809
   238    817
   229    813
   236    821
   227    814
   234    813
   235    817
   230    811
   236    810
   238    814
   233    817
   230   1878
   249    814
   233    813
   234    812
   236   1876
   292    799
   255   1821
   304    763
   286    765
   284    762
   287    760
   311    740
   282    765
   306    746
   300   1808
   297    773
   232    815
   232    813
   258    787
   300    743
   307    745
   307    737
   308   1805
   294    773
   275   1824
   327   1807
   324    737
   243 201173


