  3364   1671
   326    451
   385   1283
   392    441
   395   1287
   468    352
   402   1239
   434    453
   384   1245
   430    413
   425   1241
   432    412
   425   1242
   431   1288
   386    411
   426   1246
   429    443
   395   1245
   379   1306
   407   1262
   427   1246
   430    412
   424    413
   421    443
   394   1252
   423    442
   393   1245
   432    442
   394    444
   390   1289
   389    451
   384    451
   386    410
   426    411
   376   1334
   389   1255
   420   1283
   392    450
   385    412
   424   1286
   391    403
   434    404
   431   1286
   389    404
   433    405
   430   1284
   393   1289
   385    442
   393    402
   382  70218
  3372   1665
   429    412
   422   1284
   391    442
   394   1281
   392    413
   424   1281
   394    444
   393   1255
   420    442
   392   1252
   422    412
   427   1283
   389   1283
   390    402
   431   1292
   386    412
   419   1295
   386   1248
   426   1246
   429   1249
   424    413
   425    445
   390    450
   386   1286
   388    443
   393   1241
   435    440
   394    403
   433   1285
   390    442
-999609    454
   385    421
   416    444
   391   1287
   388   1244
   429   1234
   440    402
   438    401
   432   1236
   433    423
   419    404
   434   1287
   387    442
   392    402
   436   1241
   431   1284
   395    442
   394    450
   387 200794


