  3318   1707
   268    443
   388   1254
   423    401
   435   1249
   428    443
   393   1283
   440    402
   389   1278
   393    451
   384   1246
   429    402
   434   1252
   423   1290
   379    451
   390   1285
   389    446
   393   1279
   394   1283
   390   1284
   440   1202
   422    411
   425    403
   434    446
   388   1257
   419    410
   420   1295
   384    401
   434    451
   387   1286
   388    412
   425    443
   393    413
   422   1241
   433   1285
   437   1207
   426   1244
   427    441
   395    441
   392   1249
   429    445
   389    452
   384   1290
   385    413
   426    393
   442    449
   387   1248
   427    453
   386    444
   391  70203
  3328   1647
   444    451
   385   1243
   431    451
   387   1283
   391    401
   436   1283
   388    412
   425   1244
   430    400
   437   1243
   429    452
   386   1255
   421   1252
   426    441
   394   1245
   430    413
   425   1280
   392   1285
   390   1278
   393   1245
   432    401
   437    443
   392    442
   397   1283
   389    424
   410   1281
   393    443
   434    401
   395   1253
   423    406
   427    404
   436    443
   390   1246
   425   1244
   435   1241
   431   1283
   392    442
   396    441
   393   1235
   443    401
   433    399
   434   1281
   476    362
   397    391
   445    413
   420   1243
   432    443
   393    444
   392 200639


