  3362   1663
   341    402
   433   1239
   434    403
   435   1244
   430    402
   433   1247
   427    402
   433   1244
   430    402
   433   1239
   434    401
   435   1244
   431   1237
   437    400
   435   1246
   429    404
   431   1240
   477   1203
   417   1244
   430   1242
   432    401
   435    402
   435    404
   433   1246
   428    408
   427   1242
   432    404
   432    404
   432   1243
   431    405
   430    402
   434    401
   435    401
   474    362
   435    404
   432    405
   428   1238
   436    401
   435   1242
   432    403
   433    402
   435   1244
   430    402
   433    409
   240    401
   435    410
   426   1245
   429   1243
   431  71838
  3370   1659
   433    403
   433   1240
   434    403
   433   1246
   430    403
   433   1241
   433    401
   434   1246
   429    408
   429   1246
   428    408
   466   1202
   434   1244
   430    407
   429   1245
   428    402
   434   1240
   435   1243
   432   1236
   438   1244
   430    574
   261    404
   433    401
   435   1243
   432    406
   469   1199
   436    401
   435    403
   434   1245
   429    508
   327    404
   432    407
   429    403
   434    402
   435    401
   434    403
   433   1245
   429    408
   428   1245
   430    441
   393    402
   434   1242
   432    406
   429    402
   434    402
   434    400
   435   1238
   436   1245
     0 205008


