  3341   1677
   299    432
   403   1265
   409    433
   403   1266
   409    434
   402   1258
   417    432
   404   1262
   413    431
   405   1263
   410    432
   404   1261
   412   1265
   432    411
   427   1234
   441    402
   435   1238
   436   1243
   432   1236
   438   1238
   436    406
   430    404
   432    402
   434   1239
   436    407
   428   1247
   429    412
   424    408
   426   1242
   433    403
   433    401
   436    402
   435   1245
   429    401
   435    403
   433    402
   434   1241
   434    406
   430   1244
   431    401
   435    403
   434   1245
   430    403
   433    404
   470   1203
   433    405
   431   1243
   432   1245
   430  70139
  3372   1660
   433    404
   431   1240
   434    404
   432   1241
   434    413
   422   1244
   432    401
   457   1219
   433    415
   444   1223
   451    391
   445   1223
   451   1217
   459    393
   444   1216
   458    393
   443   1221
   453   1226
   448   1223
   452   1224
   448    392
   446    393
   442    394
   443   1221
   452    392
   443   1222
   452    396
   439    395
   441   1218
   457    394
   443    391
   446    392
   444   1219
   455    392
   443    394
   442    392
   423   1246
   492    372
   423   1220
   455    391
   444    390
   446   1225
   450    392
   420    412
   448   1225
   449    392
   445   1223
   452   1218
   433 200737


