  3358   1655
   341    427
   409   1240
   436    424
   410   1248
   430    423
   411   1242
   433    428
   405   1253
   424    423
   411   1247
   428    422
   412   1251
   419   1264
   369    472
   410   1241
   434    422
   408   1252
   426   1262
   412   1263
   413   1247
   424    432
   405    421
   414    432
   405   1251
   422    423
   414   1272
   403    424
   412    423
   413   1247
   428    431
   407    421
   416    424
   411    432
   407   1247
   426    430
   406    421
   417   1252
   422    430
   406   1246
   426    423
   415    425
   412   1245
   432    424
   412    423
   413    420
   416   1245
   429   1250
   425   1251
   422  70152
  3314   1708
   428    432
   407   1251
   424    422
   413   1250
   426    420
   413   1241
   435    415
   416   1253
   427    423
   410   1258
   420    421
   413   1251
   423   1245
   432    422
   408   1257
   421    423
   371   1292
   425   1251
   427   1251
   378   1268
   441    430
   371    471
   364    473
   403   1257
   378    472
   364   1288
   387    474
   361    472
   364   1292
   418    431
   369    472
   403    434
   404    433
   408   1257
   374    475
   363    474
   362   1287
   427    424
   370   1293
   381    475
   399    434
   404   1249
   385    472
   404    432
   402    425
   374   1294
   380   1286
   389   1297
   377 201145


