  3330   1692
   297    441
   394   1273
   402    442
   417   1251
   401    442
   393   1274
   425    413
   422   1251
   424    411
   402   1274
   426    415
   420   1246
   431   1253
   396    440
   419   1246
   430    411
   424   1255
   423   1251
   423   1253
   422   1253
   420    411
   428    412
   422    411
   425   1253
   424    412
   424   1251
   422    410
   426    412
   424   1253
   423    416
   421    412
   424    412
   422   1254
   423   1246
   431    411
   425    414
   422   1252
   424    414
   423   1246
   429    413
   421    412
   425   1254
   420    413
   425    413
   424   1244
   431   1253
   421   1247
   430   1245
   432  68482
  3363   1665
   429    414
   421   1250
   424    412
   423   1247
   428    412
   424   1251
   425    412
   424   1246
   427    410
   427   1251
   423    410
   455   1218
   427   1246
   430    411
   424   1253
   419    411
   428   1244
   429   1255
   420   1247
   428   1254
   396    440
   419    411
   403    441
   419   1254
   418    421
   419   1254
   420    414
   399    441
   396   1274
   400    442
   395    432
   404    431
   404   1273
   402   1276
   398    442
   394    441
   395   1273
   402    441
   395   1274
   402    440
   394    440
   397   1274
   401    441
   395    441
   396   1276
   422   1251
   400   1274
   401   1272
   403 200252


