  3355   1659
   343    412
   422   1251
   426    420
   416   1243
   430    412
   423   1240
   484    371
   439   1222
   430    413
   425   1243
   431    421
   411   1249
   431   1232
   444    405
   429   1244
   432    415
   420   1242
   432   1242
   435   1238
   433   1245
   448    413
   407    413
   425    422
   411   1243
   432    413
   422   1242
   435    417
   416    422
   411   1242
   436    413
   426    411
   425    423
   414    414
   417    412
   424   1241
   435    412
   379   1287
   478    371
   418   1244
   430    410
   427    423
   409   1245
   432    410
   428    410
   424    421
   416    418
   416    412
   424   1244
   432  71828
  3365   1655
   470    393
   458   1194
   432    412
   425   1253
   424    415
   420   1232
   443    421
   415   1251
   424    422
   416   1242
   432    431
   405   1244
   434   1245
   428    413
   463   1202
   427    420
   420   1242
   434   1244
   431   1243
   433   1251
   424    425
   413    425
   411    412
   416   1253
   428    414
   421   1244
   433    411
   422    424
   371   1292
   465    391
   410    414
   419    422
   416    414
   422    421
   414   1245
   428    432
   408   1242
   434    404
   429   1244
   431    422
   415    412
   423   1241
   431    411
   426    421
   418    400
   390    463
   373    470
   410   1253
     1 200388


