  3364   1670
   258    462
   415   1242
   430    414
   424   1245
   431    411
   426   1252
   421    421
   374   1290
   473    362
   385   1310
   407    421
   414   1244
   391   1283
   434    415
   380   1293
   423    416
   379   1284
   391   1292
   423   1243
   434   1266
   446    362
   515    321
   432    421
   374   1292
   382    452
   425   1250
   384    452
   384    452
   427   1244
   387    450
   429    410
   426    417
   414   1252
   423    414
   425   1244
   387    460
   418   1236
   473    394
   407   1252
   384    463
   414    411
   383   1294
   381    471
   406    422
   372   1286
   431    422
   409    432
   408   1242
   432  70177
  3358   1665
   429    411
   433   1262
   403    432
   407   1253
   423    411
   425   1253
   422    420
   415   1243
   434    415
   425   1234
   439    414
   420   1256
   417   1245
   431    421
   419   1244
   477    372
   425   1243
   425   1254
   379   1283
   391   1293
   425    412
   416    422
   423    404
   427   1262
   414    403
   436   1241
   433    415
   423    410
   420   1253
   422    395
   490    373
   418    410
   426   1243
   433    415
   419   1245
   388    454
   423   1250
   422    420
   413   1255
   426    411
   424    415
   418   1245
   436    402
   425    422
   420   1237
   439    411
   419    430
   409   1244
   389 200335


