  3317   1720
   255    452
   425   1254
   379    461
   375   1295
   380    461
   417   1245
   428    432
   365   1281
   393    463
   460   1198
   388    475
   362   1286
   389   1289
   385    451
   385   1294
   423    410
   424   1249
   428   1241
   433   1241
   393   1294
   381    452
   429    411
   380    440
   442   1240
   387    461
   375   1293
   423    411
   383    452
   426   1241
   390    472
   402    412
   387    451
   384    471
   364   1284
   430   1243
   434    430
   401   1243
   392    461
   391   1271
   434    411
   379    443
   439   1241
   429    411
   424    422
   421    421
   413   1252
   420    412
   426   1243
   387  70213
  3370   1664
   421    421
   380   1292
   423    412
   470   1224
   403    411
   426   1249
   427    410
   421   1252
   385    463
   408   1251
   428    421
   374   1285
   390   1293
   384    471
   364   1293
   382    452
   383   1282
   480   1195
   394   1282
   429   1252
   387    450
   384    453
   423    423
   374   1292
   383    453
   425   1243
   389    452
   384    461
   416   1250
   427    413
   379    453
   383    464
   437    381
   480   1194
   392   1282
   435    414
   425   1243
   431    413
   426   1243
   430    403
   391    461
   414   1253
   425    421
   409    422
   420    431
   363   1282
   441    423
   453   1205
   423 200336


