  3347   1681
   271    424
   411   1244
   443    408
   428   1230
   443    407
   421   1226
   446    412
   423   1238
   402    443
   392   1268
   407    454
   381   1269
   404   1271
   400    459
   376   1271
   407    451
   383   1276
   402   1267
   407   1270
   405   1271
   398    475
   360    481
   355    464
   371   1271
   404    473
   363   1266
   409    459
   375    484
   353   1288
   383    483
   353    481
   356    483
   353   1278
   396    488
   348   1283
   392    484
   352   1276
   394    482
   353    484
   353    481
   355   1277
   398    480
   355    481
   354    482
   354    486
   351   1290
   385   1283
   391   1286
   388  70175
  3294   1713
   380    471
   364   1297
   372    471
   364   1296
   379    459
   374   1297
   381    494
   377   1258
   377    467
   369   1298
   370    470
   410   1248
   383   1289
   383    465
   416   1245
   428    412
   425   1291
   379   1254
   419   1248
   430   1256
   421    421
   412    405
   432    401
   435   1288
   389    409
   424   1246
   430    451
   385    445
   390   1249
   425    401
   434    444
   393    406
   427   1293
   387    407
   427   1286
   391    412
   470   1209
   417    402
   429    408
   433    413
   423   1291
   381    411
   425    414
   422    452
   382    415
   424   1246
   429   1252
   418   1290
   384 203532


