  3411   1611
   306    451
   384   1269
   404    452
   375   1274
   402    531
   303   1279
   396    451
   382   1273
   403    456
   382   1284
   388    449
   387   1269
   404   1276
   398    445
   391   1276
   396    450
   386   1278
   396   1272
   407   1270
   398   1271
   403    452
   383    452
   384    452
   383   1265
   409    458
   379   1271
   402    452
   384    454
   419   1238
   398    445
   423    415
   422    415
   421    416
   420   1237
   401   1278
   398    447
   427   1226
   408    451
   418    412
   424    419
   416   1240
   432    414
   422    414
   423    408
   429   1231
   401    452
   637   1014
   404   1271
   403  70171
  3368   1665
   389    450
   385   1272
   401    452
   383   1274
   400    447
   388   1277
   397    453
   382   1274
   401    457
   379   1270
   390    453
   382   1264
   409   1275
   399    456
   379   1269
   404    454
   382   1274
   399   1274
   401   1281
   394   1272
   402    453
   390    441
   389    457
   378   1276
   397    451
   383   1275
   400    455
   379    454
   380   1277
   398    448
   386    451
   385    451
   384    455
   377   1273
   403   1278
   397    454
   379   1285
   388    444
   392    450
   386    456
   379   1271
   404    452
   494    340
   382    445
   390   1267
   408    447
   388   1269
   405   1272
   402 208271


