  3313   1707
   301    414
   421   1282
   392    410
   428   1245
   421    451
   398   1282
   435    361
   428   1292
   387    450
   382   1291
   386    410
   425   1286
   387   1284
   391    402
   439   1282
   390    402
   439   1240
   433   1236
   441   1288
   431   1242
   388    442
   395    412
   423    443
   393   1290
   389    410
   426   1285
   390    442
   392    442
   393   1284
   390    401
   435    441
   394    442
   393    441
   396   1243
   431   1242
   477    361
   478   1191
   437    444
   392    412
   425    393
   442   1252
   424    410
   427    414
   423    411
   429   1245
   429    413
   422   1252
   425   1233
   437  70157
  3360   1673
   466    401
   391   1242
   434    442
   391   1254
   423    442
   393   1281
   396    400
   436   1240
   436    402
   428   1283
   393    400
   436   1251
   425   1249
   428    392
   483   1203
   431    402
   434   1284
   392   1241
   432   1262
   411   1244
   435    412
   425    400
   434    403
   431   1237
   438    413
   423   1281
   396    401
   434    441
   436   1195
   437    410
   428    441
   393    411
   426    443
   393   1287
   387   1243
   430    440
   396   1264
   410    411
   429    412
   421    442
   397   1252
   422    401
   436    401
   434    441
   396   1241
   433    441
   397   1254
   421   1241
   432 200263


