  3357   1660
   365    370
   424   1283
   391    402
   436   1252
   424    402
   434   1255
   419    441
   397   1247
   427    404
   430   1282
   467    333
   426   1285
   390   1281
   390    423
   442   1262
   387    411
   423   1254
   421   1250
   425   1242
   434   1284
   394    442
   392    402
   435    445
   384   1241
   434    441
   395   1246
   428    403
   434    420
   413   1283
   392    411
   429    442
   394    438
   394    441
   396    412
   424   1254
   420    441
   394   1243
   434    443
   388    414
   426    451
   386   1236
   438    402
   432    441
   394    441
   439   1201
   426   1241
   434   1244
   437   1234
   436  70180
  3322   1707
   384    413
   425   1282
   391    401
   437   1289
   382    402
   435   1243
   435    391
   440   1283
   391    412
   429   1244
   430    411
   426   1256
   420   1283
   387    452
   383   1291
   385    401
   436   1242
   433   1284
   391   1282
   390   1280
   394    401
   480    361
   433    393
   443   1254
   419    451
   388   1281
   393    442
   394    441
   394   1261
   414    411
   427    401
   433    401
   432    401
   435    411
   428   1281
   393    443
   385   1260
   459    370
   425    411
   427    402
   431   1253
   423    401
   435    400
   437    440
   396   1282
   390   1287
   386   1261
   414   1251
   424 200531


