  3347   1675
   416    420
   413   1258
   413    419
   414   1256
   415    420
   413   1258
   415    419
   415   1256
   416    421
   412   1258
   414    419
   414   1256
   416   1258
   413    420
   414   1257
   416    419
   414   1258
   414   1255
   417   1256
   417   1259
   414    420
   414    420
   414    416
   417   1256
   415    421
   412    571
    82    597
   414    419
   413    420
   413   1256
   416    419
   414    420
   414    420
   414   1255
   418   1258
   412    419
   414    419
   415   1256
   416    420
   414    421
   412    422
   412   1256
   416    420
   414    419
   415    414
   413    419
   415    420
   413    421
   413   1256
   417  29242
   131  25531
    78  16845
  3355   1675
   417    420
   413   1258
   414    419
   415   1258
   414    419
   414   1257
   413    419
   414   1258
   414    419
   414   1257
   414    419
   413   1258
   414   1258
   414    419
   414   1260
   410    420
   415   1257
   414   1259
   413   1258
   414   1258
   415    419
   415    415
   419    420
   413   1258
   415    419
   415   1257
   416    419
   414    420
   413   1258
   414    419
   415    424
   409    421
   413   1258
   414   1257
   415    420
   414    421
   413   1258
   414    420
   413    419
   414    422
   412   1258
   414    419
   415    419
   415    420
   413    421
   413    421
   413    419
   414   1257
   416 172979
  8000 172979 
  8000 172979 
  8000 172979 
  8000 172979 
  8000 172979 
  8000 172979 
  8000 172979 
  8000 172979 
  8000      0
  8000      0
  8000      0
  3347   1675
   416    420
   413   1258
   413    419
   414   1256
   415    420
   413   1258
   415    419
   415   1256
   416    421
   412   1258
   414    419
   414   1256
   416   1258
   413    420
   414   1257
   416    419
   414   1258
   414   1255
   417   1256
   417   1259
   414    420
   414    420
   414    416
   417   1256
   415    421
   412    571
    82    597
   414    419
   413    420
   413   1256
   416    419
   414    420
   414    420
   414   1255
   418   1258
   412    419
   414    419
   415   1256
   416    420
   414    421
   412    422
   412   1256
   416    420
   414    419
   415    414
   413    419
   415    420
   413    421
   413   1256
   417  29242
   131  25531
    78  16845
  3355   1675
   417    420
   413   1258
   414    419
   415   1258
   414    419
   414   1257
   413    419
   414   1258
   414    419
   414   1257
   414    419
   413   1258
   414   1258
   414    419
   414   1260
   410    420
   415   1257
   414   1259
   413   1258
   414   1258
   415    419
   415    415
   419    420
   413   1258
   415    419
   415   1257
   416    419
   414    420
   413   1258
   414    419
   415    424
   409    421
   413   1258
   414   1257
   415    420
   414    421
   413   1258
   414    420
   413    419
   414    422
   412   1258
   414    419
   415    419
   415    420
   413    421
   413    421
   413    419
   414   1257
   416 172979
