  4991   2159
   130   1802
   324    722
   323    717
   328    654
   391   1796
   327    721
   325    719
   326    722
   319    654
   389   1735
   389    721
   321   1780
   348   1802
   324    666
   376   1794
   325   1800
   331   1748
   373   1798
   328   1803
   307    666
   378    700
   344   1806
   310    717
   330    720
   325    719
   325    654
   388    724
   317    666
   377   1804
   317   1806
   323   1802
   325   1802
   308   1801
   326    724
   320   1803
   325   1780
   334    664
   376    662
   390    719
   316    666
   380    650
   387    730
   321    718
   326    666
   378    663
   383    719
   326    720
   324    721
   316   1803
   323   1743
   383   1805
   321   1797
   329    722
   320    725
   310    699
   351    715
   330  29472
  4981   2168
   317   1739
   389    727
   316    661
   385    727
   248   1841
   348    727
   324    716
   327    725
   321    727
   315   1806
   323    661
   380   1805
   324   1806
   322    721
   322   1805
   317   1783
   344   1805
   313   1806
   328   1799
   327    722
   321    724
   322   1800
   326    721
   319    721
   328    717
   329    717
   327    717
   319    720
   325    668
   378    724
   319    663
   384    716
   323   1745
   383   1799
   385    656
   322    655
   390   1802
   323    720
   325   1800
   317   1810
   316   1809
   318    720
   324    720
   324    722
   323    666
   380    654
   391   1801
   320    721
   332   1793
   325    663
   378    721
   323    673
   374   1749
   375    666
   378    722
   323    717
   323    721
   327    719
   324    719
   327    664
   380    720
   321    671
   377    672
   375    666
   379    664
   384    722
   314    724
   323    722
   319    662
   385    664
   381    664
   376    722
   325    729
   319    723
   320    727
   310    725
   325    657
   386   1804
   323    661
   385    718
   324    664
   379   1739
   392    720
   307   1746
   388    722
   327    654
   392    656
   388    719
   325    727
   318    725
   319    724
   312   1805
   320    667
   382    654
   386    730
   316    664
   378   1809
   321    720
   322    671
   374   1805
   319    718
   323   1755
   373   1799
   321    723
   327 221639


