  5019   2115
   220   1823
   332    714
   306    741
   305    721
   328   1788
   338    713
   335    722
   326    741
   306    721
   328   1824
   303    713
   333   1827
   301   1820
   306    744
   304   1827
   300   1795
   344   1777
   317   1813
   313   1818
   307    766
   281    784
   262   1824
   302    774
   234    824
   260    776
   274    764
   246    806
   242   2909
   256   1858
   269   1856
   271   1855
   273   1848
   279    807
   241   1860
   267   1854
   273    823
   223    812
   236    822
   226    825
   222    810
   236    804
   244    804
   243    807
   240    802
   245    806
   241    801
   247    825
   222   1858
   270   1856
   272   1865
   262   1864
   264    803
   244    822
   226    801
   246    805
   243  29520
  4991   2181
   268   1853
   275    811
   236    811
   237    825
   223   1846
   281    803
   244    801
   246    801
   247    805
   243   1854
   274    803
   244   1862
   266   1866
   261    804
   243   1847
   279   1866
   262   1854
   273   1853
   274   1846
   282    804
   243    805
   243   1848
   280    806
   242    811
   236    805
   242    815
   233    828
   219    814
   233    807
   241    823
   223    804
   244    820
   227   1852
   275   1858
   269    804
   244    801
   246   1854
   274    803
   245   1847
   281   1855
   273    805
   243    808
   239    803
   245    807
   241    811
   236    805
   243   1852
   272    803
   243   1847
   281    816
   232    810
   238    809
   239   1858
   271    802
   244    806
   240    801
   246    804
   242    804
   244    803
   245    803
   244    806
   240    811
   236    804
   244    805
   242    808
   239    803
   244    807
   240    802
   245    803
   240    810
   238    824
   224    823
   224    827
   221    802
   245    806
   242   1862
   266    804
   243   1846
   281    811
   237    801
   246    810
   237   1846
   281    806
   242   1851
   277    805
   243    805
   243    803
   243    803
   245    827
   220    812
   236    823
   223   1859
   269    803
   244    802
   245    802
   246    811
   237    830
   216    804
   243    804
   244    803
   244   1856
   271   1855
   272   1848
   279    803
     0 200642


