    74   8493
  5032   2135
   352   1769
   358    692
   354    691
   357    691
   357   1775
   352    692
   356    692
   355    693
   414    631
   355   1775
   353    690
   356   1774
   354   1773
   355    692
   355   1775
   351   1774
   354   1773
   355   1772
   356   1770
   357    691
   355    693
   355   1774
   353    692
   355    691
   357    691
   357    693
   355    691
   357    691
   355   1776
   351   1775
   352   1773
   354   1771
   356   1731
   395    692
   355   1773
   354   1774
   353    693
   355    693
   355    694
   354    691
   356    691
   357    694
   354    694
   353    691
   356    694
   352    692
   356    693
   354    691
   357   1770
   357   1774
   354   1767
   360   1774
   353    691
   356    695
   353    692
   354    693
   354  29432
  5038   2134
   353   1770
   357    691
   357    693
   354    691
   357   1772
   355    691
   357    690
   356    691
   355    693
   353   1773
   354    692
   355   1774
   353   1773
   354    693
   354   1768
   359   1771
   356   1770
   358   1774
   354   1772
   354    691
   355    691
   356   1775
   352    693
   355    690
   357    691
   355    692
   356    693
   355    694
   353    690
   357    690
   356    690
   357    692
   355   1772
   355   1775
   352    691
   356    694
   352   1768
   360    693
   354   1771
   356   1774
   353   1771
   356    691
   355    692
   355    691
   356   1772
   355   1774
   354    693
   353    691
   508   1623
   351    691
   358    693
   353    693
   355   1773
   355    691
   356    692
   356    690
   357    690
   356    691
   355    692
   356    693
   355    693
   355    692
   355    691
   356    690
   356    690
   496    550
   358    693
   354    691
   356    693
   354    694
   352    691
   355    691
   357    694
   354    692
   356    697
   350    692
   354    692
   355   1773
   354    691
   356    693
   355    691
   356   1773
   482    562
   357   1771
   356    690
   356    692
   355    691
   355    693
   355    692
   356    692
   356    692
   355   1770
   356    690
   358    692
   355    692
   356    693
   355   1773
   355    691
   441    612
   350   1774
   354   1772
   354    690
   358   1773
   355    691
   356 131894
    42   1593
